  78.40  8.0298e+02  1.1101e+04  5.2611e+03
  78.32  8.0423e+02  1.1119e+04  3.3048e+03
  86.17  4.0653e+02  5.6205e+03  6.9381e+04
  87.07  3.3478e+02  4.6284e+03  8.4885e+03
  91.03  2.2032e+02  3.0460e+03  5.2593e+02
  89.59  2.2537e+02  3.1157e+03  7.0777e+03
  89.69  2.7721e+02  3.8325e+03  3.4595e+04
  91.08  2.1688e+02  2.9984e+03  2.7848e+03
  90.98  2.1850e+02  3.0208e+03  6.7896e+03
  91.40  2.2405e+02  3.0976e+03  1.2353e+04
  92.22  1.9501e+02  2.6960e+03  8.1609e+02
  92.60  1.8899e+02  2.6129e+03  6.1681e+02
  93.28  1.7818e+02  2.4634e+03  9.1906e+02
  94.12  1.6423e+02  2.2705e+03  1.4600e+03
  94.51  1.5786e+02  2.1824e+03  1.9232e+02
  94.62  1.5827e+02  2.1881e+03  1.3885e+03
  95.15  1.6288e+02  2.2518e+03  4.4722e+03
  97.38  1.2021e+02  1.6619e+03  2.9885e+02
  97.56  1.1735e+02  1.6224e+03  3.4813e+02
  98.19  1.1290e+02  1.5609e+03  3.4693e+02
 101.69  8.4240e+01  1.1646e+03  7.0860e+02
 104.74  6.5790e+01  9.0957e+02  3.4159e+02
 109.73  4.4407e+01  6.1393e+02  1.3804e+02
 114.72  3.0567e+01  4.2260e+02  7.1866e+01
 119.36  2.2609e+01  3.1258e+02  1.6750e+01
 124.82  1.5915e+01  2.2003e+02  1.8502e+01
 128.85  1.2502e+01  1.7284e+02  1.9601e+00
 134.51  9.2892e+00  1.2843e+02  4.0851e+00
 139.25  7.3474e+00  1.0158e+02  2.3224e+00
 147.15  5.1473e+00  7.1163e+01  1.5967e+00
 154.81  3.7623e+00  5.2014e+01  6.1972e-01
 162.97  2.8227e+00  3.9025e+01  3.4953e-01
 170.84  2.2345e+00  3.0893e+01  2.7743e-01
 178.99  1.7775e+00  2.4574e+01  1.4374e-01
 186.39  1.4553e+00  2.0120e+01  2.8502e-02
 194.50  1.2288e+00  1.6989e+01  6.6270e-02
 202.49  1.0554e+00  1.4591e+01  4.9629e-02
 209.95  9.3090e-01  1.2870e+01  3.2439e-02
 218.07  8.2413e-01  1.1394e+01  3.0753e-02
 226.23  7.3532e-01  1.0166e+01  1.9626e-02
 234.30  6.6771e-01  9.2313e+00  1.4565e-02
 241.97  6.1463e-01  8.4975e+00  1.1253e-02
 250.09  5.7068e-01  7.8898e+00  8.6991e-03
 257.84  5.3634e-01  7.4151e+00  6.5465e-03
 266.00  5.0495e-01  6.9812e+00  4.6907e-03
 274.34  4.7864e-01  6.6173e+00  2.8061e-03
 282.51  4.5803e-01  6.3324e+00  3.7458e-03
