  78.27  2.2433e-07  1.3128e-03  4.6242e-07
  78.44  2.2475e-07  1.3152e-03  5.2116e-07
  86.45  2.8084e-07  1.6435e-03  4.2089e-07
  87.55  2.9212e-07  1.7095e-03  4.4284e-07
  90.82  3.1456e-07  1.8408e-03  2.2147e-07
  89.14  3.0312e-07  1.7739e-03  1.2772e-06
  90.50  3.1425e-07  1.8390e-03  2.6109e-06
  90.92  3.1701e-07  1.8552e-03  4.3949e-07
  89.72  3.1371e-07  1.8358e-03  1.5013e-06
  91.88  3.1787e-07  1.8602e-03  1.2286e-05
  92.31  3.2427e-07  1.8976e-03  1.7993e-07
  92.94  3.2919e-07  1.9264e-03  2.8432e-06
  93.46  3.3335e-07  1.9508e-03  4.0930e-07
  94.26  3.3884e-07  1.9829e-03  3.8164e-07
  94.50  3.3998e-07  1.9896e-03  2.9308e-07
  94.68  3.4130e-07  1.9973e-03  1.8772e-06
  95.85  3.5021e-07  2.0495e-03  4.1406e-06
  97.43  3.6255e-07  2.1216e-03  2.1107e-07
  97.73  3.6476e-07  2.1346e-03  5.0817e-07
  98.56  3.6910e-07  2.1600e-03  4.3085e-07
 102.25  3.9683e-07  2.3222e-03  1.7037e-07
 105.50  4.2004e-07  2.4581e-03  2.6166e-07
 110.53  4.5810e-07  2.6808e-03  2.3523e-07
 115.53  4.9537e-07  2.8989e-03  5.5369e-07
 120.38  5.1760e-07  3.0290e-03  5.5000e-06
 125.50  5.7097e-07  3.3413e-03  3.1731e-07
 129.53  6.0008e-07  3.5117e-03  1.7189e-06
 135.40  6.4383e-07  3.7677e-03  4.4367e-07
 140.26  6.7973e-07  3.9778e-03  7.9899e-07
 148.37  7.3960e-07  4.3281e-03  6.5347e-07
 156.15  7.9678e-07  4.6628e-03  2.2521e-06
 164.15  8.5599e-07  5.0093e-03  5.3531e-07
 172.26  9.1971e-07  5.3821e-03  4.3543e-06
 180.39  9.7510e-07  5.7063e-03  6.9338e-07
 186.24  1.0210e-06  5.9751e-03  2.3953e-07
 196.17  1.0890e-06  6.3726e-03  5.5510e-07
 204.14  1.1467e-06  6.7105e-03  5.2527e-07
 211.83  1.2025e-06  7.0369e-03  7.4563e-07
 220.06  1.2620e-06  7.3851e-03  1.2198e-06
 228.02  1.3188e-06  7.7177e-03  8.5385e-07
 236.13  1.3769e-06  8.0577e-03  6.1389e-07
 243.94  1.4329e-06  8.3856e-03  8.7021e-07
 251.97  1.4900e-06  8.7194e-03  9.4080e-07
 259.53  1.5437e-06  9.0340e-03  8.0184e-07
 267.57  1.6022e-06  9.3761e-03  6.1068e-07
 276.04  1.6609e-06  9.7194e-03  1.6502e-06
 283.99  1.7105e-06  1.0010e-02  2.9944e-06
