  78.35  8.4988e-07  5.2003e-06  1.4030e-06
###  78.31 -4.7321e-06 -2.8955e-05  4.0052e-06
###  86.32 -2.4543e-06 -1.5018e-05  8.5440e-06
  87.32  8.7469e-06  5.3521e-05  1.8728e-06
  90.91  1.1971e-05  7.3249e-05  9.3120e-07
  89.32  1.2290e-05  7.5200e-05  3.6934e-06
  90.03  1.5006e-05  9.1817e-05  1.2646e-06
###  91.04 -9.4812e-06 -5.8014e-05  2.1003e-05
  89.76  1.2979e-05  7.9414e-05  4.4758e-06
  91.65  2.0989e-05  1.2843e-04  1.3700e-05
  92.33  4.9946e-05  3.0561e-04  8.5386e-07
  92.75  6.8950e-05  4.2190e-04  3.8610e-06
  93.37  2.2276e-04  1.3630e-03  5.0790e-07
  94.18  2.3378e-04  1.4305e-03  1.5380e-06
  94.48  2.3744e-04  1.4529e-03  1.9513e-06
  94.62  2.0868e-04  1.2769e-03  9.9065e-06
  95.29  2.4723e-04  1.5128e-03  1.8584e-05
  97.45  2.5083e-04  1.5348e-03  1.6598e-06
  97.68  2.4950e-04  1.5267e-03  6.2054e-07
  98.39  2.4606e-04  1.5056e-03  3.2587e-06
 102.00  2.6751e-04  1.6369e-03  1.4422e-06
 105.14  2.8102e-04  1.7195e-03  7.7957e-06
 110.10  3.0117e-04  1.8428e-03  1.1915e-05
 115.11  3.2225e-04  1.9718e-03  3.2484e-06
 119.75  3.4881e-04  2.1343e-03  2.0617e-05
 125.15  3.6479e-04  2.2321e-03  9.3778e-07
 129.15  3.7386e-04  2.2876e-03  1.8753e-06
 134.92  4.0593e-04  2.4838e-03  1.2696e-06
 139.75  4.1951e-04  2.5669e-03  6.2759e-07
 147.75  4.5178e-04  2.7644e-03  4.1930e-06
 155.42  4.7606e-04  2.9129e-03  2.7603e-06
 163.50  5.0517e-04  3.0911e-03  7.3491e-07
 171.65  5.3828e-04  3.2937e-03  3.7993e-06
 179.76  5.6113e-04  3.4335e-03  1.1255e-06
 186.30  5.8351e-04  3.5704e-03  3.9036e-07
 195.32  6.0834e-04  3.7224e-03  1.0203e-06
 203.31  6.2953e-04  3.8520e-03  1.7085e-06
 210.85  6.4588e-04  3.9521e-03  2.1140e-06
 219.08  6.7698e-04  4.1423e-03  2.8030e-06
 227.12  6.9838e-04  4.2733e-03  8.8692e-06
 235.21  7.1719e-04  4.3884e-03  7.9470e-07
 242.90  7.3836e-04  4.5180e-03  1.2676e-06
 251.10  7.5852e-04  4.6413e-03  1.1781e-06
 258.69  7.7807e-04  4.7609e-03  7.3464e-07
 266.71  7.9811e-04  4.8835e-03  1.3722e-06
 275.15  8.3132e-04  5.0867e-03  1.3586e-05
 283.23  8.7133e-04  5.3316e-03  1.2972e-05
